32.85001206398
27.459365129471
32.090357780457
43.326966047287
31.377911090851
35.91975903511
35.825875997543
29.97034907341
43.647793054581
28.388165950775
31.183640956879
33.145509958267
33.55965089798
34.729545116425
32.155003070831
29.243525981903
43.038758993149
32.82630610466
28.608021974564
31.009346961975
33.016361951828
20.605994939804
34.434423923492
32.82185292244
35.528088092804
33.158332824707
33.810209989548
29.033698797226
31.2503221035
41.379324197769
30.592928171158
32.823606967926
32.61526799202
